50
250
450
700
850
950
1200
1250
1400
1750
1900
1950
2100
2200
2300
2500
2600
2750
2800
2900
3200
3250
3400
3450
3750
3800
3900
4150
4200
4250
4500
4600
4850
4900
5100
5250
5350
5400
5500
5550
5750
5800
5850
6000
6100
6400
6550
6700
6950
7000
7100
7350
7400
7550
7650
7750
7900
8100
8350
8550
8650
8800
8850
8900
9150
9200
9300
9450
9600
9650
9750
9800
10100
10250
10350
10400
10600
10800
10850
10900
11050
11300
11600
11900
11950
12150
12200
12250
12350
12400
12500
12650
12800
12850
12950
13100
13150
13200
13250
13350
13600
13750
13900
13950
14150
14200
14250
14450
14650
14700
14900
15050
15400
15450
15550
15650
15950
16200
16300
16350
16500
16600
16650
16700
16850
16950
17000
17050
17300
17350
17450
17600
17800
17950
18050
18200
18400
18500
18800
18900
19150
19250
19550
19650
19850
19950
20000
20150
20350
20500
20750
20900
21050
21350
21450
21550
21600
21700
21850
21950
22050
22100
22250
22350
22450
22550
22600
22800
22850
23150
23250
23500
23600
23650
23900
24100
24250
24300
24500
24650
24850
24950
25050
25300
25500
25700
26000
26150
26250
26300
26350
26450
26650
26700
26850
26950
27200
27350
27400
27450
27750
28000
28200
28250
28600
28700
29000
29050
29100
29150
29200
29250
29350
29500
29550
29750
30000
30100
30250
30300
30450
30650
30700
31000
31200
31350
31450
31800
31900
32150
32200
32250
32300
32350
32450
32500
32750
33000
33100
33400
33550
33700
33750
33850
34000
34150
34200
34350
34400
34600
34850
34900
35150
35300
35450
35600
35700
35900
35950
36150
36400
36650
36850
37000
37100
37150
37300
37500
37800
37950
38300
38400
38650
38950
39000
39050
39150
39200
39250
39300
39350
39400
39450
39500
39550
39600
39650
39700
39750
39800
39850
39900
39950
40200
40450
40550
40600
40700
40800
41100
41300
41350
41450
41500
41700
42300