3800
4200
4800
5000
5400
5800
6000
6200
6400
6600
6800
7000
7200
7400
7600
7800
8200
8600
8800
9200
9400
9800
10000
10200
10400
10600
10800
11000
11400
11600
11800
12000
12600
12800
13000
13200
13600
13800
14600
14800
15000
15200
15400
15800
16200
16400
16600
16800
17000
17400
17600
17800
18000
18200
18600
18800
19200
19600
20000
20200
20400
20600
21000
21200
21400
21600
21800
22000
22200
22400
22600
22800
23200
23400
23800
24200
24400
24600
24800
25000
25200
25400
25800
26000
26200
26400
26800
27000
27200
27400
27600
27800
28000
28400
28800
29000
29200
29400
29800
30000
30200
30400
30600
30800
31000
31200
31400
31600
31800
32200
32600
32800
33000
33200
33400
33600
33800
34000
34200
34400
34600
34800
35000
35400
35600
36200
36600
37000
37400
37600
37800
38000
38200
38600
39000
39200
39400
39600
39800
40000
40200
40600
40800
41400
41600
41800
42000
42800
43200
43400
43600
43800
44400
44800
45000
45200
45600
45800
46200
46600
46800
47200
47400
47600
47800
48400
49000
49200
49600
49800
50200
50400
51000
51200
51600
52000
52200
52400
52800
53000
53400
53600
53800
54000
54400
54600
54800
55200
56200
56400
62000
67600
70400
71600
72600
72800
73000
73200
73400
73600
77600
84800
85000
85400
86000
87400
88000
88200
171000